"Adoption","Died","Euthanasia","Return_to_owner","Transfer","ID"
0.00655680399500624,0.00394246031746032,0.0273409354378456,0.222973203138933,0.739186597110755,"1"
0.656748707519841,7.2463768115942e-05,0.00188548901050614,0.272739793871071,0.0685535458304653,"2"
0.403596384690107,0.000555555555555556,0.0241727813886038,0.140214731543338,0.431460546822396,"3"
0.231597222222222,0.00125,0.0864781746031746,0.22184126984127,0.458833333333333,"4"
0.558241245410768,0.000150155654272622,0.00733487421364489,0.379116887772219,0.0551568369490957,"5"
0.184681590420903,5e-04,0.0404732670833688,0.548922279555829,0.225422862939899,"6"
0.388424603174603,0.0216527777777778,0.176349386724387,0.190428932178932,0.2231443001443,"7"
0.865559523809524,0.00517857142857143,0.0161527777777778,0.0139503968253968,0.0991587301587302,"8"
0.792527777777778,0,0,0.144492063492064,0.0629801587301587,"9"
0.396137231308671,0.00509653916211293,0.0576344630500275,0.48178667385303,0.0593450926261584,"10"
0.737248255336618,0,0.0195595238095238,0.152144764299398,0.0910474565544609,"11"
0.00994674185463659,0,0.134095431761221,0.198312020581757,0.657645805802385,"12"
0.807380778053155,0,0.00541468253968254,0.0383029400050514,0.148901599402112,"13"
0.923536507936508,0,0.00188888888888889,0.0436238095238095,0.0309507936507937,"14"
0.964258984344753,0,2.61780104712042e-05,0.0262980746807273,0.00941676296404898,"15"
0.638551587301587,0,0.00515277777777778,0.293468253968254,0.0628273809523809,"16"
0.376931130606853,0.00413416988416988,0.0177237452165169,0.418873203111114,0.182337751181345,"17"
0.527867063492064,0,0.0204662698412698,0.399755952380952,0.0519107142857143,"18"
0.321146881608919,0,0.0145614617940199,0.221913257970465,0.442378398626596,"19"
0.017422619047619,0.0025,0.321051587301587,0.00829761904761905,0.650728174603175,"20"
0.643997998810499,0.002,0.0233833655083655,0.224629965192465,0.10598867048867,"21"
0,0.00575377440099207,0.104804931402374,0,0.889441294196634,"22"
0.857460144030837,0.00424358974358974,0.0014715865239532,0.0911661512356495,0.045658528465971,"23"
0,0.000657364038511579,0.0118973649010166,5.61797752808989e-05,0.987389091285192,"24"
0.895445346954354,0,0.00126530131826742,0.065050005923426,0.038239345803953,"25"
0.0521762260040824,0.0195597826086957,0.213623653401913,0.0250431539903139,0.689597183994996,"26"
0.917612731410299,0,0,0.00342735042735043,0.0789599181623516,"27"
0.0106317693744164,0.052453197945845,0.213868640699523,0.00729166666666667,0.715754725313549,"28"
0.321684970273569,0.000386351458391576,0.0680702900714836,0.502402995773965,0.107455392422591,"29"
0.306789628897944,0.00262391381095629,0.0182798586583386,0.614163352414165,0.0581432462185964,"30"
0.142542016806723,0.00364484126984127,0.0727425303454715,0.181608076563959,0.599462535014005,"31"
0.902588778298205,0,0,0.0163623015873016,0.0810489201144939,"32"
0.0604821428571429,0.0209747023809524,0.058703373015873,0.0561636904761905,0.803676091269842,"33"
0.997509558567954,0,0,0.00241744873131734,7.2992700729927e-05,"34"
0.711656622487345,0.0188971861471861,0.0336945946565512,0.0119017857142857,0.223849810994632,"35"
0.547747744960664,0.00180818596095154,0.0620176456709731,0.17850561295765,0.209920810449762,"36"
0.0726626984126984,0.0124166666666667,0.155987795753688,0.007875,0.751057839166947,"37"
0.96376884920635,0,0.00142857142857143,0.0253660714285714,0.00943650793650794,"38"
0.326716887440725,0.00113330564784053,0.0225443997217253,0.500920925973252,0.148684481216458,"39"
0.283047713634604,0.005,0.0288313492063492,0.0580972574173794,0.625023679741667,"40"
0.112747598162072,0,0.0962824074074074,0.375515629351156,0.415454365079365,"41"
0,0.00403275401069519,0.0296791125541126,0,0.966288133435193,"42"
0.390116587887866,0.000555555555555556,0.0913279700553392,0.123260177489297,0.394739709011942,"43"
0,0.0159686954127744,0.00244555327713222,0,0.981585751310094,"44"
0.124863095238095,0.0183462301587302,0.164600716011042,0.0597857142857143,0.632404244306418,"45"
0.250755806403719,0.00156517094017094,0.0151950710108605,0.0794961433756806,0.652987808269569,"46"
0.197036979132738,0.001625,0.0434706588061581,0.262854344450959,0.495013017610145,"47"
0.536052869520236,0,0.00615003654126912,0.33336634429746,0.124430749641034,"48"
0.261226550680527,0,0.0720333873613724,0.494290417654276,0.172449644303825,"49"
0.0910198412698413,0.0205833333333333,0.0854126984126984,0.298418650793651,0.504565476190476,"50"
0.164852092352092,0.0276311327561328,0.0617281746031746,0.0149761904761905,0.73081240981241,"51"
0.0849666305916306,0,0.0232063492063492,0.765221708846709,0.126605311355311,"52"
0.99446944581477,0,0,0.000155543969412583,0.00537501021581774,"53"
0.265199014303311,0.0111910128164082,0.131094527644736,0.00454761904761905,0.587967826187926,"54"
0.222622670807454,0.0190892857142857,0.225228530286139,0.0379435817805383,0.495115931411584,"55"
0.297814653503678,0.00525,0.0989592528068138,0.206889596496785,0.391086497192723,"56"
0.593381426130601,0,0.00364941605097831,0.366743788877283,0.0362253689411364,"57"
0,0.0261021515184404,0.0428964956397668,8.7719298245614e-05,0.930913633543548,"58"
2.96442687747036e-05,0.000614945699319762,0.00333741692812089,5.92885375494071e-05,0.995958704566236,"59"
0.700633339084426,0,0,0.00928042328042328,0.290086237635151,"60"
0.777184776334777,0.000833333333333333,0.0269781746031746,0.0293833694083694,0.165620346320346,"61"
0.221002584578917,0,0.126943009405781,0.440387421668799,0.211666984346504,"62"
0.512676439496176,0.00183333333333333,0.0168247863247863,0.1398671100829,0.328798330762804,"63"
0,0.0069871115956832,0.00209253117873933,0.000226608187134503,0.990693749038444,"64"
0.000223880597014925,0.000257020757020757,0.0356859982509896,0,0.963833100394975,"65"
0.580175405297585,0.00207738095238095,0.00368894198036334,0.308176010987163,0.105882260782507,"66"
0.993909977915355,0.000677564172187828,0,0.000185185185185185,0.00522727272727273,"67"
0.240742063492064,0.002,0.242430555555556,0.287176587301587,0.227650793650794,"68"
0.293444364668315,0.0033431191727671,0.0582987282894352,0.496458617755998,0.148455170113486,"69"
0,0.000243774241404048,0.00385994295141899,0.000128205128205128,0.995768077678973,"70"
0.02675,0.0246666666666667,0.0821388888888889,0.0286527777777778,0.837791666666667,"71"
0.970496863799284,0,0,0.0239568612391193,0.00554627496159754,"72"
0,0.0129897083133365,0.0173944236046315,0,0.969615868082033,"73"
0.210330278409305,4.20168067226891e-05,0.0527653515576802,0.331097437358514,0.405764915867778,"74"
0,0.00349206349206349,0.0123882618093454,0.000384615384615385,0.983735059313976,"75"
0.532659416971917,0.0296174242424242,0.105739108114108,0.0263819444444444,0.305602106227106,"76"
0.982286606201296,0,0,0.000357142857142857,0.0173562509415616,"77"
0.0139285714285714,0,0.121580786096678,0.00277777777777778,0.861712864696973,"78"
0.327574454067065,8.30564784053156e-06,0.107925652048534,0.433130100215672,0.131361488020889,"79"
0.971238267770877,0,0,0.0268015873015873,0.00196014492753623,"80"
2.96442687747036e-05,0.0080245921126928,0.0118924774056353,5.92885375494071e-05,0.979993997675348,"81"
0,8.47457627118644e-05,0.00481958445136021,0,0.995095669785929,"82"
0.665195931679283,0,0.0046479122943165,0.227137430210054,0.103018725816347,"83"
2.96442687747036e-05,0.0131194196988997,0.0716545376130222,5.92885375494071e-05,0.915137109881755,"84"
0.391639535211904,2.7027027027027e-05,0.0762730249046038,0.485781568222358,0.0462788446341078,"85"
0.00644509651889112,0.0150296796314154,0.120499831188061,2e-04,0.857825392661632,"86"
0.0296269841269841,0,0.198934523809524,0.590329365079365,0.181109126984127,"87"
0.301415720075128,0,0.0466789934729983,0.326324504969677,0.325580781482196,"88"
0,0.001375,0.0863872380915498,0.0125866150375644,0.899651146870886,"89"
0.686121031746032,0,0,0.0452261904761905,0.268652777777778,"90"
0,0.003625,0.190403716381658,0,0.805971283618343,"91"
0,4.27350427350427e-05,0.0646290242079866,0.00111111111111111,0.934217129638168,"92"
0.710795589242281,0,7.8125e-05,0.00571846846846847,0.283407817289251,"93"
0.571894370957409,0,0.0367661658119341,0.304678275164601,0.0866611880660563,"94"
0.0211505332902392,0.00504757587184058,0.0615001703675648,0.00661157796451914,0.905690142505836,"95"
0.887966584517095,0,0.000648914257785225,0.0983207401583224,0.0130637610667975,"96"
0.635500668555635,0.000357142857142857,0.0162208279013696,0.268981574942294,0.0789397857435585,"97"
2.96442687747036e-05,0.00293107707509881,0.00147482319147979,5.92885375494071e-05,0.995505166927098,"98"
0.244443190362816,0.0160505545349391,0.0457279618086351,0.0215654761904762,0.672212817103133,"99"
0.281580079457384,0,0.0516411122540391,0.486981674583183,0.179797133705394,"100"
0.817669089855278,0,0.0015625,0.00255555555555556,0.178212854589167,"101"
0.982573708899796,0,0.00388095238095238,0.0124946140815706,0.00105072463768116,"102"
0.548968720173769,0,0.0219681666414914,0.316785482201075,0.112277630983665,"103"
0.476349318813499,0,0.0160459384486393,0.205771053332485,0.301833689405376,"104"
0.440140020367094,5e-04,0.00704400005488332,0.117707752209435,0.434608227368587,"105"
0.731367532179482,0,0.00748724444587539,0.149423502352319,0.111721721022324,"106"
0.512007622279739,0.00117667720407446,0.027966550305517,0.388347103243382,0.070502046967288,"107"
0.0235126488095238,0,0.0955078012265513,0.482028814935065,0.39895073502886,"108"
0.894480158730159,0,0.0106111111111111,0.049702380952381,0.0452063492063492,"109"
0.213076792317983,0.00145833333333333,0.0277080141343471,0.347250413654196,0.410506446560141,"110"
0.570800061050061,0.000833333333333333,0.0342301587301587,0.267690018315018,0.126446428571429,"111"
0.571447796627445,0,0.00376193223626999,0.206350822430843,0.218439448705442,"112"
0.463631875230712,0.00659163898117386,0.0482779162052418,0.302178709856035,0.179319859726837,"113"
0.188551190169876,0.00125,0.027510198576539,0.600265587808163,0.182423023445423,"114"
0,8.18995335966615e-05,0.0193493507049287,0.00111111111111111,0.979457638650364,"115"
0.665472222222222,0.00226190476190476,0.002,0.168105158730159,0.162160714285714,"116"
0.77806946923351,0.00102380952380952,6.96810834425513e-05,0.161929810273049,0.0589072298861888,"117"
0.0110138888888889,0.00133928571428571,0.0943035714285714,0.391929894179894,0.50141335978836,"118"
0.0948333333333333,0.00305555555555556,0.128027777777778,0.539498015873016,0.234585317460318,"119"
0.551912037037037,0.0106730859010271,0.168504318394024,0.0586691176470588,0.210241441020853,"120"
0.483402518629942,0,0,0.00175,0.514847481370058,"121"
0.987501023274872,0,0.000625,0.00305555555555556,0.00881842116957286,"122"
0.989149711399712,0,0,0.00878968253968254,0.00206060606060606,"123"
0,0.00799465801821235,0.0102861177557929,8.7719298245614e-05,0.98163150492775,"124"
0,0.0144642857142857,0.0411729390681004,0.0174146825396825,0.926948092677932,"125"
0.983938063063064,0,0,0.0143813813813814,0.00168055555555556,"126"
0.0173948412698413,0.000625,0.196473579235439,0.0121388888888889,0.773367690605831,"127"
0.733683982683983,0.00666666666666667,0.00571428571428571,0.091731240981241,0.162203823953824,"128"
0.996129830917875,0,0,0.00334239130434783,0.000527777777777778,"129"
0.764553018841063,0,0.00225,0.232141425603382,0.00105555555555556,"130"
0.544545864216964,0.000139515983384504,0.0213773346212424,0.388966777258122,0.0449705079202872,"131"
0.990595238095239,0,0.000833333333333333,0,0.00857142857142857,"132"
0.830780609215799,0,0.0030952380952381,0.00492700501253133,0.161197147676432,"133"
0.441341634778966,0.00225108442079172,0.0311920927489686,0.351701534877044,0.173513653174231,"134"
0.578131342374348,0.000714285714285714,0.0416237901664731,0.151653113684498,0.227877468060395,"135"
0.439510965117463,0,0.0687596474003765,0.392992020622274,0.0987373668598858,"136"
0.334253566317471,0.00392857142857143,0.0388369124134729,0.220348302430729,0.402632647409756,"137"
0,0.00151053864168618,0.0380686764838322,0.001,0.959420784874482,"138"
0.535636002886003,0,0.00357792207792208,0.318543434343434,0.142242640692641,"139"
0.0916898688450413,0.00138888888888889,0.00974132013787186,0.138966958885062,0.758212963243136,"140"
0.53329591079239,0,0.00188556338028169,0.280519423521184,0.184299102306145,"141"
0.110762901718784,0.0536258229715126,0.0149513927720824,0.00480952380952381,0.815850358728097,"142"
0.267856476418705,0,0.0415482617506841,0.433265359211473,0.257329902619138,"143"
0.385673148922122,0.00658730158730159,0.0428062457387603,0.33089245620552,0.234040847546297,"144"
0.412210791275953,0,0.0630465314586522,0.308799835459368,0.215942841806027,"145"
0.308607790570812,0.001,0.0766544917108388,0.458604371952223,0.155133345766127,"146"
0.386471538040504,0.0201011904761905,0.231673987411056,0.190157088122605,0.171596195949644,"147"
0.39870670995671,0.00125,0.0586457431457431,0.468920995670996,0.0724765512265512,"148"
0,0.000921390755925163,0.0624135850801525,0,0.936665024163923,"149"
0.029813824951823,0.0118051012453472,0.00662789777793856,0.00551388888888889,0.946239287136003,"150"
0.190702879970271,0.0191268461007591,0.348131566501132,0.0642206800445931,0.377818027383245,"151"
0,0.000936707238949391,0.122143636931081,0.000555555555555556,0.876364100274415,"152"
0.28488492063492,0,0.014,0.124869047619048,0.576246031746032,"153"
0.0045458970411233,0,0.0495352634218448,0.136656234598767,0.809262604938266,"154"
0.543357975357975,0,0.00520039682539683,0.0432916666666667,0.408149961149961,"155"
0.907841269841271,0,0,0.0489027777777778,0.0432559523809524,"156"
0.30298136830826,0,0.0205070438329547,0.44953204540454,0.226979542454245,"157"
2.96442687747036e-05,0.0491593209384233,0.0322983137625133,0.00276762187088274,0.915745099159407,"158"
0.243030745048602,0,0.0289013605442177,0.189138486513487,0.538929407893694,"159"
0.627554833244521,0.00166666666666667,0.00917045405703044,0.181702946955062,0.17990509907672,"160"
0.396655982208351,4.31034482758621e-05,0.017306168397333,0.278435276757892,0.307559469188148,"161"
0.480043300117705,0.00999438864715423,0.0308999761906152,0.155157246897115,0.323905088147411,"162"
0,0.020176781108962,0.0173699446977373,0,0.962453274193301,"163"
0.999183314919129,0,0,0.000318754414881093,0.000497930665990473,"164"
0.418582272056109,8.30564784053156e-06,0.0233394241417497,0.361648490075815,0.196421508078485,"165"
0.878272363984192,0.00157142857142857,0.000714285714285714,0.0010098396268609,0.118432082103234,"166"
0.670624967753669,0,0.0093768115942029,0.236426968757228,0.0835712518949004,"167"
0.6603904500415,0,0.005195509284795,0.178130932326218,0.156283108347487,"168"
0.529394841269841,0,0.0231587301587302,0.349406746031746,0.0980396825396826,"169"
0.580114033972302,0,0,0.00952368094858182,0.410362285079117,"170"
0,0.0036832264957265,0.154319520757021,0.000555555555555556,0.841441697191698,"171"
0.384304738068592,0.00132103640916972,0.0195089542824266,0.322235292465083,0.272629978774729,"172"
0.270019841269841,0,0.0604296398046398,0.592903693528694,0.0766468253968254,"173"
0.508362845616199,5e-04,0.0366432058793298,0.320838825015051,0.13365512348942,"174"
0.265822291280378,0.00432485934053837,0.0396406827837012,0.551330259719782,0.1388819068756,"175"
0.550342934842935,0.011140873015873,0.0104268231768232,0.0100347222222222,0.418054646742147,"176"
0.172503920355667,0.0165261437908497,0.0911527888812151,0.464172924522641,0.255644222449627,"177"
0.78859126984127,0,0.0251388888888889,0.127952380952381,0.0583174603174603,"178"
0.731015246449457,0.00118055555555556,0.0145337301587302,0.110858500417711,0.142411967418546,"179"
0.0328570252211557,0.0079558786624004,0.220321608946609,0.0879878599661208,0.650877627203714,"180"
0,0.00305555555555556,0.0081547619047619,0.00967563563887093,0.979114046900812,"181"
0.804090275763663,0.00316666666666667,0.00872931235431235,0.0224345238095238,0.161579221405834,"182"
0.304309729242486,4.20168067226891e-05,0.0472938248356973,0.219302264527867,0.429052164587227,"183"
0.0933650793650794,0.00416666666666667,0.064875,0.166609307359307,0.670983946608947,"184"
0.45486063808757,0.00821428571428571,0.00490293296089385,0.388814689550368,0.143207453686883,"185"
0.257607142857143,0.00225,0.0154831349206349,0.547542658730159,0.177117063492063,"186"
0,0,0.00275392156862745,0.00481944444444444,0.992426633986929,"187"
0.386091447833106,0.0102308864084125,0.0870344553757914,0.307068935773647,0.209574274609044,"188"
0.642001157176157,5e-04,0,0.0531316378066378,0.304367205017205,"189"
0.906121959620746,0,0,0.0207919092773462,0.0730861311019078,"190"
0.511285701910702,0.00549131274131274,0.021660841035841,0.411921495546495,0.0496406487656488,"191"
0.476748073663122,0,0.0374163969795038,0.283051572854061,0.202783956503313,"192"
0.0707269345238095,0.00166666666666667,0.0348050595238095,0.228044146825397,0.664757192460317,"193"
0.355243873955764,0.00383333333333333,0.0694964918334484,0.118072205979285,0.45335409489817,"194"
0.778544140383427,0,0.00125,0.0941182745825603,0.126087585034014,"195"
0.395017648287385,0.0025,0.00142857142857143,0.107269841269841,0.493783939014202,"196"
0.481890247492519,0,0.0223683594217882,0.424670312815626,0.0710710802700675,"197"
0.444659289717273,0,0.00807432049074185,0.403838822380488,0.143427567411498,"198"
0.411059305908143,0.00364719453672942,0.0496221890495146,0.352158951461277,0.183512359044336,"199"
0.697199885087231,0,0.0311683155987249,0.19905410161156,0.0725776977024839,"200"
0,0.0117828947368421,0.00536058169259202,0,0.982856523570567,"201"
0.206490614893063,0,0.0124973845598846,0.124100805032721,0.656911195514332,"202"
0.552338962682709,0,0.015281746031746,0.371990208096969,0.0603890831885767,"203"
0.901378859236002,5e-04,0.00205555555555556,0.0437373539159253,0.052328231292517,"204"
0.078297619047619,0.001,0.116152777777778,0.643343253968254,0.161206349206349,"205"
0.598248072833599,0.00975,0.0820420274170274,0.0974948577251209,0.212465042024253,"206"
0.257022350966739,0.000625,0.00718488235813444,0.364892613008811,0.370275153666316,"207"
0.187607142857143,0.00349206349206349,0.130708333333333,0.521128968253968,0.157063492063492,"208"
0.183450089723004,0.000833333333333333,0.0199302386591777,0.390869663196214,0.40491667508827,"209"
0.414309335113109,0.0101933713057216,0.0115737836615676,0.471206003377187,0.0927175065424138,"210"
0.000625,0.00353916449086162,0.104593561082508,0.000714285714285714,0.890527988712345,"211"
0.256742415267977,0.00111111111111111,0.0352823109144763,0.36763702012364,0.339227142582796,"212"
0.56338048400679,0,0.0566332611164048,0.302078086962975,0.0779081679138301,"213"
0.737478670634921,0.00125,0.012625,0.0669479166666667,0.181698412698413,"214"
0,0.01618158298673,0.0132308260639432,0.000173624830225954,0.970413966119102,"215"
0.489190648381665,0.00993055555555556,0.039623718714236,0.113677416831001,0.347577660517543,"216"
0.830738468274695,0.00142857142857143,0.0105595238095238,0.0251972693032015,0.132076167184009,"217"
0.111027499315825,0.003,0.0100320037105751,0.0362745064635928,0.839665990510008,"218"
0.329497005993036,0.00437485262761821,0.0443966678807008,0.149125336345504,0.472606137153141,"219"
0.300078995939461,0.00236111111111111,0.0338242432631968,0.416553802141011,0.24718184754522,"220"
0.0205694444444444,0.0015,0.0976111111111111,0.293087301587302,0.587232142857143,"221"
0.00452239773314886,0.0453180482676101,0.204645136219923,0,0.745514417779318,"222"
0.30107285520752,0.0777222808089597,0.123487163788232,0.0124366123642439,0.485281087831044,"223"
0.544091482479087,0,0.00169459962756052,0.386997675948095,0.0672162419452573,"224"
0.222738095238095,0,0.214960317460318,0.447275793650794,0.115025793650794,"225"
0.552660469236916,8.30564784053156e-06,0.0217366816059767,0.249241026900653,0.176353516608614,"226"
0.00739574314574315,0.00804813854446207,0.254246968870167,0.0254352732010332,0.704873876238595,"227"
0.00222222222222222,0.0125396825396825,0.0198154761904762,0.00180555555555556,0.963617063492064,"228"
0.584705920750507,0.00222222222222222,0.00920798730314796,0.242323297198923,0.1615405725252,"229"
0,0.00843007852851479,0.0159516640116068,0,0.975618257459879,"230"
0.999088101730191,0,0,0.000419474027385351,0.000492424242424242,"231"
0.948238095238096,0,0,0.0133789682539683,0.0383829365079365,"232"
2.96442687747036e-05,0.0195992304086933,0.0303034113743231,0.00372657942394142,0.946341134524268,"233"
0.0596686507936508,0,0.224851190476191,0.363184523809524,0.352295634920635,"234"
0.28218843405917,0.0077036297036297,0.0864526285157327,0.544537166270922,0.0791181414505464,"235"
0.713062229079877,0,0,0.001,0.285937770920124,"236"
0.552616650674346,0,0.0252088767219835,0.292094107729316,0.130080364874354,"237"
0.0132642857142857,0.00738095238095238,0.0985338001867414,0.00897777777777778,0.871843183940243,"238"
0.725123930343418,2.38095238095238e-05,0.00346155885045472,0.237712417720644,0.0336782835616742,"239"
0.782691766801937,0.00145833333333333,0.0143783577533578,0.0784431206740529,0.12302842143732,"240"
0.986453970203971,0,0,0.00437131937131937,0.00917471042471043,"241"
0.325892105925351,0.002,0.0293301249059228,0.343187851518968,0.299589917649758,"242"
0.927437191357387,0,0.002875,0.033897700201576,0.0357901084410372,"243"
0.406852681355889,0.001,0.0164906945982527,0.17281240559353,0.402844218452328,"244"
0.23324447518658,0,0.0425107708379263,0.257832393517567,0.466412360457927,"245"
0.331365370041275,0.00294137022397892,0.0275435687040667,0.416608694092025,0.221540996938655,"246"
0.236555444589162,0.00166666666666667,0.0109050322718117,0.0776959687761381,0.673176887696221,"247"
0.329177548403965,0,0.0239078557196508,0.1222712231985,0.524643372677885,"248"
0.330142361981156,0,0.0724096963224684,0.410721552117817,0.186726389578559,"249"
0.972318681318682,0,0.00526881720430108,0.00214829749103943,0.0202642039859782,"250"
0,0.00718961352657005,0.00690217391304348,0.819770097052706,0.166138115507681,"251"
0.291246086099027,0.000833333333333333,0.0161803080553081,0.494593907660084,0.197146364852247,"252"
0,0.000574519148667856,0.00301566873777764,0.000881410256410256,0.995528401857145,"253"
0.248870273453792,0.000151515151515152,0.104549421284171,0.479311352463288,0.167117437647233,"254"
0,0.000277777777777778,0.0074055169245547,0,0.992316705297668,"255"
0.595002841285611,0.0232747175772437,0.0174899156021037,0.223211758575251,0.141020766959791,"256"
0.150998015873016,0.000555555555555556,0.0634285714285714,0.0969503968253968,0.68806746031746,"257"
0.483584864477034,0.00183333333333333,0.00749935580292723,0.0598544438486355,0.44722800253807,"258"
0.196582614703304,0.00743055555555555,0.0409690615897513,0.557327433103295,0.197690335048094,"259"
0.918122363747364,0,0.00632034632034632,0.0530229076479077,0.0225343822843823,"260"
0.734940274080647,0,0.001,0.0298698979591837,0.23418982796017,"261"
0.646738674536111,0,0.00320908230842006,0.223107136621713,0.126945106533756,"262"
0.702562389323546,0,0.0369662698412698,0.128809052931517,0.131662287903667,"263"
0.285347794931926,5.03224545632206e-05,0.0926198493355067,0.344113499618935,0.277868533659069,"264"
0.467152574128381,0,0.0136150793650794,0.354286915817158,0.164945430689382,"265"
0.485574229922265,0.0190108363858364,0.131497964467592,0.19887384423471,0.165043124989597,"266"
0.00558222705937153,0.0150335017377907,0.151392095739726,0.0164342953885843,0.811557880074529,"267"
0.00208620689655172,0.000589080459770115,0.400887705999262,0.0177571665126933,0.578679840131723,"268"
0,0,0.00931899796958145,0,0.990681002030419,"269"
0.709667832167832,0,0.00286111111111111,0.161113095238095,0.126357961482961,"270"
0.0203461159482604,0.0106618864249989,0.149663372693558,0.0112525726995087,0.808076052233674,"271"
0.194410714285714,0.0639980158730159,0.354121031746032,0.0142757936507937,0.373194444444444,"272"
0.036605327103519,0.0187605386416862,0.0227816765139571,0.394911743561093,0.526940714179745,"273"
0.273550614690321,0.00880555555555556,0.145686313414255,0.188273420479303,0.383684095860567,"274"
0.347718767507003,0.018172619047619,0.325650751879699,0.0681276463216866,0.240330215243992,"275"
0.0141527777777778,0.0139738867261289,0.0471901661603391,0.00166666666666667,0.923016502669088,"276"
0,0.00108474576271186,0.0166774782513272,0,0.982237775985962,"277"
0.129897366522367,0.0155102813852814,0.130896825396825,0.0754983766233766,0.64819715007215,"278"
0.357809411477079,0.00655555555555556,0.00887447823494335,0.160145223889222,0.4666153308432,"279"
0.173425505050505,0.0418872655122655,0.0438979076479077,0.0905297619047619,0.65025955988456,"280"
0.377052421068601,0.00125,0.0228205264418675,0.340656710462738,0.258220342026794,"281"
0.28112592284976,0.0101829088224437,0.0215080749354005,0.471827519379845,0.215355574012551,"282"
0,0.00561111111111111,0.0287916666666667,0.00111111111111111,0.964486111111112,"283"
0.940496120777371,0.00133333333333333,0,0.00946891534391534,0.0487016305453805,"284"
0.133761776775609,0,0.0650085983307445,0.530415879322257,0.27081374557139,"285"
0.360156536936245,5.03224545632206e-05,0.0608376479220638,0.326252813305984,0.252702679381144,"286"
0.0498611111111111,0.0103333333333333,0.107880650208717,0.011797619047619,0.82012728629922,"287"
0,0.000100167224080268,0.0174126824471745,0,0.982487150328746,"288"
0.281160131535132,0,0.0135833333333333,0.247565718272955,0.45769081685858,"289"
0.511398116251565,0.00125,0.0344170331584125,0.253420953089057,0.199513897500966,"290"
0.891305296756384,0.000555555555555556,0.0172380952380952,0.0288650793650794,0.0620359730848861,"291"
0.993848103774161,0.000606060606060606,0,0.0020530303030303,0.00349280531674898,"292"
0.865808476270199,0,0,0.002725,0.131466523729801,"293"
0.0564543650793651,0.00388888888888889,0.183474206349206,0.157146825396825,0.599035714285715,"294"
0.218372397271905,0.000289855072463768,0.0547160508573552,0.679188135190802,0.0474335616074747,"295"
0,0.0221587301587302,0.0508174603174603,0.0145873015873016,0.912436507936508,"296"
0.314939093398462,0,0.0374903809875418,0.446400192712209,0.201170332901788,"297"
0.0239784080298786,0.00626388888888889,0.281828001359695,0.0659051569345687,0.622024544786969,"298"
0.738385711510712,0,0.00271212121212121,0.15469468031968,0.104207486957487,"299"
0.185871550508201,0,0.0172895729161798,0.227865849095526,0.568973027480093,"300"
0.347613719257493,0.000175882442054234,0.0330068322095447,0.571261386964229,0.0479421791266785,"301"
0.852334904261316,0,0.000525760135135135,0.0168531746031746,0.130286161000375,"302"
0.984290744466801,0,0.000714285714285714,0.0140178571428571,0.000977112676056338,"303"
0.489868959850839,7.41593488969801e-05,0.0574573959590024,0.20072812827087,0.251871356570391,"304"
0.00222310007524454,0.00145215253144147,0.322259532191808,0.0348242981791777,0.639240917022329,"305"
0.337294191919192,0.00845833333333333,0.0538551587301587,0.540111832611832,0.0602804834054834,"306"
0.811441641691642,0.001,0.00236111111111111,0.101928571428571,0.0832686757686758,"307"
0.164785915045532,0,0.00364942129039853,0.234697291187712,0.596867372476358,"308"
0.660511904761905,0,0.00316666666666667,0.261853174603175,0.074468253968254,"309"
0.0140039682539683,0.0786765873015873,0.0208611111111111,0,0.886458333333334,"310"
0.178536838161838,9.61538461538462e-05,0.0186972194472195,0.221601051726052,0.581068736818737,"311"
0.901992734983693,0,0.000178571428571429,0.0133298534798535,0.0844988401078827,"312"
0.0100900900900901,0,0.0868854232139116,0,0.903024486695999,"313"
0.320283355996816,0,0.0784014314677437,0.42892575294843,0.172389459587011,"314"
0.005,0.0368392857142857,0.0215357142857143,0.00266666666666667,0.933958333333334,"315"
0.415525046540247,0,0.0122492689516561,0.355495992465121,0.216729692042975,"316"
0.475805862202888,0.000714285714285714,0.0383388079311992,0.38215782628254,0.102983217869087,"317"
0.860299672549673,0,0.00372222222222222,0.0800155122655123,0.055962592962593,"318"
0,0,0.00275392156862745,0.00356944444444444,0.993676633986929,"319"
0.410362651245696,0.000118478260869565,0.0201216229422751,0.43276099060204,0.136636256949119,"320"
0.373554095701372,0.00330555555555556,0.0166897631631707,0.315932392679898,0.290518192900004,"321"
0,8.47457627118644e-05,0.00581705755844074,8.7719298245614e-05,0.994010477380603,"322"
0,0.00225468040323474,0.00635505061250603,0.000802005012531328,0.990588263971729,"323"
0.814451585721659,0,0.000625,0,0.184923414278341,"324"
0.806711376121506,0,0.002125,0.0157480158730159,0.175415608005478,"325"
0.910396524282704,0.00306172839506173,0.00178861788617886,0.0365310523938573,0.048222077042199,"326"
0.781407936507937,0,0,0.0501349206349207,0.168457142857143,"327"
0.261832444811484,0,0.0326173233471275,0.443727136811898,0.26182309502949,"328"
0.841458180708181,0,0.000125,0.0833598901098901,0.0750569291819292,"329"
0.0308115079365079,0.00545833333333333,0.0522361111111111,0.348986471861472,0.562507575757576,"330"
0.196879497354497,0.00354206349206349,0.124690079365079,0.430491425120773,0.244396934667587,"331"
0,8.18995335966615e-05,0.0202618138318981,0,0.979656286634506,"332"
0.989338164251208,0,0,0.00510628019323672,0.00555555555555556,"333"
0.649816860465116,0,0.0025,0.00797222222222222,0.339710917312662,"334"
0.0043738937260382,0.0194404281447171,0.152646944648986,0.0225473906266796,0.800991342853579,"335"
0.889301443887782,0.000135135135135135,0.00319444444444444,0.00421428571428571,0.103154690818353,"336"
0.0093738937260382,0.00123786681715576,0.815995165915165,0.0067557239600129,0.166637349581629,"337"
0.218111077305017,0.00877509772565743,0.0207948785680628,0.187725179527382,0.564593766873881,"338"
0.0104781746031746,0.0158115079365079,0.176137547394126,0.0658392857142857,0.731733484351905,"339"
0.440330038304845,0.0236421740827479,0.0754446315728086,0.37560962599135,0.0849735300482489,"340"
0.0387941919191919,0.00151010101010101,0.0162098484848485,0.0782877645407057,0.865198094045153,"341"
0.695712497839427,0,0.00267241379310345,0.0336071428571429,0.268007945510328,"342"
0.00172310007524454,0.00827953348382242,0.566076669258945,0.0426777791576587,0.38124291802433,"343"
0.711534586506952,0.000625,0.00354587155963303,0.164068363969265,0.120226177964151,"344"
0.816494705664039,0,0.00505139503996429,0.0694898845752073,0.108964014720789,"345"
0.362378530478452,0.00179201680672269,0.0549707784786132,0.334676289233169,0.246182385003043,"346"
0.255210634001075,0.000625,0.0240791245791246,0.502880317531053,0.217204923888747,"347"
0.056900800691082,0.13697516035266,0.00648637379347649,0.0155,0.784137665162782,"348"
0.179239018087855,0.00150830564784053,0.0663810908084164,0.558359265411591,0.194512320044297,"349"
0.311133567360556,0.00213365578789655,0.119701859917517,0.287179964238971,0.279850952695059,"350"
0.811619047619048,0,0.00777777777777778,0.0982321428571429,0.0823710317460317,"351"
5.95238095238095e-05,5.55555555555556e-05,0.00414366612440437,0,0.995741254510517,"352"
0.290208979656348,2.7027027027027e-05,0.0537154852220642,0.595646647587437,0.0604018605071237,"353"
0.71505346369317,0,0,0.00494444444444444,0.280002091862386,"354"
0.672060758872721,0,0.00598931106658999,0.166454725432362,0.155495204628328,"355"
0.00142857142857143,0.411748027557238,0.460879640096745,0,0.125943760917445,"356"
0.477551587301587,0,0.0355833333333333,0.0701170634920635,0.416748015873016,"357"
0.519354641131815,0,0.00383333333333333,0.0457162698412698,0.431095755693582,"358"
0.288742768640465,0.0136467922174444,0.0382343494419956,0.00508234126984127,0.654293748430254,"359"
0.539799603174603,0,0.00831547619047619,0.0462043650793651,0.405680555555556,"360"
0.827757936507937,0,0.00166666666666667,0.0182559523809524,0.152319444444444,"361"
0.101029761904762,0,0.0974166666666667,0.223309523809524,0.578244047619048,"362"
0.295167115012169,0.001625,0.0540069397524001,0.461768173576273,0.187432771659158,"363"
0.91258134920635,0,0,0.00142857142857143,0.0859900793650794,"364"
0.423892953121081,0,0.0190695249327906,0.0961656094590563,0.460871912487072,"365"
0.00583333333333333,0.118835317460317,0.535386621315193,0.0101507936507936,0.329793934240363,"366"
0.436805555555556,0,0.055156746031746,0.0547797619047619,0.453257936507937,"367"
0.0582857142857143,0.0286369047619048,0.492007215007215,0.0798035714285714,0.341266594516595,"368"
0,2.24215246636771e-05,0.0317370316658753,0,0.968240546809462,"369"
0.460542658730159,0,0.0119007936507937,0.0273793498168498,0.500177197802198,"370"
0.518939872453872,0,0.0316905014442124,0.271034288186528,0.178335337915387,"371"
0.757610920329671,0,0.00725,0.0579461233211233,0.177192956349206,"372"
0.996413043478262,0,7.2463768115942e-05,0.00333333333333333,0.000181159420289855,"373"
0.264758471029827,0.00236111111111111,0.0736269306747951,0.376161887949592,0.283091599234674,"374"
0,0.00023191094619666,0.132497811195016,0.0112409297052154,0.856029348153572,"375"
0.284251677246444,2.7027027027027e-05,0.0275904852220642,0.513093634620237,0.175037175884228,"376"
0.31884951363362,9.95024875621891e-05,0.142388460836649,0.265648071862261,0.273014451179908,"377"
0.773097471039645,2.38095238095238e-05,0.00583398850472021,0.188074464007113,0.0329702669247119,"378"
0.3393032679343,0.00111111111111111,0.0107515191845527,0.259379632309657,0.38945446946038,"379"
0.146939310689311,0.0262868104118104,0.0253856698856699,0.0138611111111111,0.787527097902098,"380"
0.937306838203991,0,0.0015,0.00286111111111111,0.0583320506848988,"381"
0,0.00391690716690717,0.10224108178456,0.00564285714285714,0.888199153905676,"382"
2.96442687747036e-05,0.0615446787512005,0.080134108946609,0.00979936790262877,0.848492200130787,"383"
0,0.00702036838456706,0.190428936824813,0.00579166666666667,0.796759028123953,"384"
0.53345993343574,0,0.00126984126984127,0.382991551459294,0.0822786738351255,"385"
0.134299243485611,8.30564784053156e-06,0.0579951065803322,0.489961795171157,0.31773554911506,"386"
0,5.01672240802676e-05,0.0130898291351685,0,0.986860003640752,"387"
0.697162750626567,0,0.00142857142857143,0.20906341374269,0.0923452642021721,"388"
0.951678743961353,0,0.00166666666666667,0.0334027777777778,0.0132518115942029,"389"
0.999430205949657,0,0,0.000131578947368421,0.000438215102974828,"390"
0.0944186507936508,0.00404761904761905,0.210710667600374,0.484730975723623,0.206092086834734,"391"
5.95238095238095e-05,0.000680555555555556,0.0151400758351277,0,0.984119844799794,"392"
0.995344015971533,0,0.000264808362369338,0.000782169890664424,0.00360900577543404,"393"
0.00272434851469523,0.00578383442632561,0.0195763271574658,0.00317162750091644,0.968743862400598,"394"
0.164823171525653,8.30564784053156e-06,0.0367811082848767,0.451820394654866,0.346567019886765,"395"
0.209683862433862,0.00925595238095238,0.110421957671958,0.521335317460318,0.14930291005291,"396"
0.101757936507937,0,0.185563750862664,0.333918219461698,0.378760093167702,"397"
0.663694293451646,0.0377979797979798,0.0204463591963592,0.0173472222222222,0.260714145331792,"398"
0.628619152046784,0,0.0071937134502924,0.298241919903926,0.0659452145989975,"399"
0.878819444444445,0.00443452380952381,0.0025,0.036484126984127,0.0777619047619048,"400"
0.828057233039468,0.00125,0.00305004135649297,0.0994511560914312,0.0681915695126084,"401"
0.522306177099889,0,0.00856844553913519,0.266475777259702,0.202649600101274,"402"
0.558390367439964,0,0.00809207113050956,0.403881974524119,0.029635586905407,"403"
0,0.0434985131006949,0.0339564846611904,0.00774603174603175,0.914798970492083,"404"
0.0931051587301587,0.000625,0.0114285714285714,0.0400436507936508,0.85479761904762,"405"
0.33607086200254,0,0.0411275425272678,0.392400250066662,0.230401345403531,"406"
0.749146141215107,0,0,0.0225067049808429,0.22834715380405,"407"
0.156537452416864,0.00625261437908497,0.09917557997558,0.460187147166559,0.277847206061912,"408"
0.926692273668361,0,0,0.0210055555555556,0.0523021707760838,"409"
0,0.0134875125269426,0.0218887173097984,0.004375,0.96024877016326,"410"
0.241940476190476,0.00786111111111111,0.0694920634920635,0.487332792207792,0.193373556998557,"411"
0.990044324155752,0.00118055555555556,0,0.000683139534883721,0.00809198075380914,"412"
0.499534011571439,4.20168067226891e-05,0.0411865523825809,0.184669639253151,0.274567779986107,"413"
0.992986431131593,0,0,0.000714285714285714,0.00629928315412186,"414"
0.307952983793712,0.00402777777777778,0.0585384325826492,0.37161464334659,0.257866162499272,"415"
0.999890510948906,0,0,3.64963503649635e-05,7.2992700729927e-05,"416"
0.477357886063643,0,0.00402242524916944,0.399500430613377,0.11911925807381,"417"
0.351376088362017,0.000667016806722689,0.0115363321343109,0.241081825266874,0.395338737430075,"418"
0.920781746031747,0,0.00242857142857143,0.0523869047619048,0.0244027777777778,"419"
0.565479049953315,0,0.00573844537815126,0.102497286414566,0.326285218253969,"420"
0.887196428571429,0,0,0.0849503968253968,0.0278531746031746,"421"
0,0.00414237058459747,0.0039212962962963,0.00022260015117158,0.991713732967935,"422"
0,0.155856203007519,0.10321626984127,0,0.740927527151211,"423"
0.934150045081147,0.00111111111111111,0.0035918458781362,0.00270462387853692,0.0584423740510697,"424"
0.340991379310345,0.00161458333333333,0.0153630952380952,0.0733027099815893,0.568728232136638,"425"
0,0.115108516483516,0.306187827695181,0.0914264346764347,0.487277221144868,"426"
0.672205353712106,0,0.005,0.154715277777778,0.168079368510116,"427"
0.0140601236618678,0.00428739955962212,0.260299644690153,0.00778680770553835,0.713566024382819,"428"
0.117084581772784,0.0119206349206349,0.0247794275013376,0.135735107900838,0.710480247904405,"429"
0,0.00192516722408027,0.00270199005588022,0.00345708426311875,0.991915758456921,"430"
0.342795634920635,0.00416666666666667,0.0161150793650794,0.0361785714285714,0.600744047619048,"431"
0.234931559066491,0,0.060283089101879,0.427501167217725,0.277284184613905,"432"
0.569298216761452,0,0.0211230158730159,0.195816279036867,0.213762488328665,"433"
0.373371031746032,0,0.0296289682539683,0.415180555555556,0.181819444444444,"434"
0,0.0195549450549451,0.172983461899012,0,0.807461593046043,"435"
0,0.000243774241404048,0.00385994295141899,0.000128205128205128,0.995768077678973,"436"
0.389244047619048,0,0.00439484126984127,0.0304972222222222,0.575863888888889,"437"
0.241209673618915,0.0100116403766665,0.0212962593793755,0.314430404104879,0.413052022520164,"438"
0,0.00027057877887968,0.0156117949914733,0,0.984117626229648,"439"
0.472470029239766,0,0.005,0.0809416666666667,0.441588304093567,"440"
0.0163392857142857,0.0318789682539682,0.193703754578755,0.120565476190476,0.637512515262516,"441"
0.604869754766307,0.00111111111111111,0.0260067134762257,0.18545425237551,0.182558168270847,"442"
0.822323412698413,0,0.002,0.06175,0.113926587301587,"443"
0.327768543956044,0.000833333333333333,0.0390462454212454,0.448951083638584,0.183400793650794,"444"
0.580693397685722,0.0015,0.0217208683631246,0.326926051630227,0.0691596823209269,"445"
0.751713813016701,0,0.00591931722915634,0.149976716955461,0.0923901527986819,"446"
0.623395043586904,0.00198412698412698,0.0194890997245648,0.11200092284976,0.243130806854644,"447"
0.0355223725282279,0.0147375349448166,0.0153988117629761,0.00737103174603175,0.926970249017948,"448"
0.909695434493822,0.00216666666666667,0.0078721694971695,0.00558730158730159,0.0746784277550407,"449"
0.0675416666666667,0.00226984126984127,0.0442797619047619,0.143079365079365,0.742829365079365,"450"
0,0.00512820512820513,0.00698573369345132,0,0.987886061178344,"451"
0.422607251470155,0.00183333333333333,0.167772956135859,0.212502804543127,0.195283654517525,"452"
0.60835296355985,0,0.00250761177593593,0.35931781648648,0.0298216081777346,"453"
2.96442687747036e-05,0.000140998599762491,0.0128699205889435,0.00105928853754941,0.985900148004971,"454"
0.453557460389579,0,0.115590456087603,0.262382285289456,0.168469798233362,"455"
0.583706961802272,0,0.0225799923428116,0.308692576585161,0.0850204692697545,"456"
0.760226190476191,0,0.005,0.0635376984126984,0.171236111111111,"457"
0.0264781746031746,0.002,0.286013888888889,0.348017857142857,0.337490079365079,"458"
0.646420634920635,0.00311111111111111,0.004375,0.0959126984126984,0.250180555555556,"459"
