"ID","Return_to_owner","Euthanasia","Adoption","Transfer","Died"
1,0.500160654009491,1.04997202996885e-08,0.499808779033288,7.83889544560543e-06,2.27175620551189e-05
2,0.499997831367712,9.21743341627716e-10,0.499992395954758,4.44876449551354e-08,9.72726814158939e-06
3,0.503889437235248,1.9715309891255e-07,0.494849060247376,0.000451837029045587,0.000809468335231388
4,0.500052990024656,5.28405328433797e-10,0.499944414663667,5.65806552837523e-08,2.53820261610753e-06
5,0.49999934628264,2.28964274806682e-10,0.499996786805504,2.60146964416761e-08,3.8406681948682e-06
6,0.499965041541608,5.89916290092439e-08,0.499951145460371,2.27984257255912e-06,8.14741638190373e-05
7,0.499143568395026,3.93440884690576e-05,0.498645478994854,7.19877243177737e-06,0.00216440974921857
8,0.499911129790157,1.12891940192307e-05,0.499673590211675,3.44073433298258e-05,0.000369583460818972
9,0.500001475890813,1.16297550993147e-10,0.499997660792713,1.39176604404638e-08,8.49282516253109e-07
10,0.499977632655774,1.01092735584279e-09,0.499975683656829,3.78100902658497e-08,4.66448663792382e-05
11,0.499740058869921,1.07131069085579e-08,0.499735287548885,3.79258903826336e-08,0.000524604942196484
12,0.500097111057211,9.43546476391313e-09,0.49988364750224,7.22094571775636e-07,1.85099105126202e-05
13,0.499657716853423,3.74892230493665e-08,0.499647660598564,1.62761650418287e-07,0.000694422297139078
14,0.499998580751541,6.55791597334435e-11,0.499997137352951,1.45347201706953e-08,4.26729520850638e-06
15,0.499999061637895,8.74044052995217e-11,0.499997210012659,1.21502698691221e-08,3.71611177115476e-06
16,0.499962731363626,2.13673229254329e-09,0.499957199224437,2.58040960575323e-08,8.00414711078276e-05
17,0.499978373161928,2.355217354265e-10,0.499977081595492,4.37467445227677e-08,4.4501260313645e-05
18,0.500119199778708,1.10722581830281e-10,0.499785394706762,2.02810847847905e-06,9.33772953288502e-05
19,0.499926590851859,2.74779094180999e-08,0.49991967542265,1.92300528484664e-06,0.000151783242296169
20,0.499354040278499,4.04004494135459e-10,0.499344296955255,1.34882979747952e-07,0.0013015274792625
21,0.499999500449694,1.88909069208795e-11,0.499998754641184,9.11504586530553e-09,1.73577518568766e-06
22,0.500174114523052,4.13429492294608e-08,0.498234082387926,1.46899787637194e-05,0.00157707176730828
23,0.499992237800112,1.24445820859587e-08,0.499982460134488,3.18819073627477e-07,2.49708017435666e-05
24,0.499938871317892,4.20227650163213e-09,0.499805227376159,2.68024072561575e-06,0.000253216862946528
25,0.50000231401597,8.15945923712586e-10,0.499995919280824,1.0187637202907e-07,1.6640108883585e-06
26,0.500003179069664,2.89867870544357e-09,0.499993070647747,8.78740008687408e-07,2.86864390181347e-06
27,0.499981035910028,1.60705841726874e-10,0.49998079656686,3.78154315841862e-08,3.81295469747691e-05
28,0.497274768683261,9.47572313980789e-06,0.496677258323242,5.35175441859813e-05,0.00598497972617098
29,0.499999462279051,5.84000228369935e-11,0.499998605969818,2.2873120951837e-08,1.90881961023208e-06
30,0.499981615343079,1.70350131323754e-09,0.499978175487043,3.73787853746031e-08,4.01700875913562e-05
31,0.499964075364802,1.06283734944895e-09,0.499962328874764,1.46226812465897e-07,7.34484707832634e-05
32,0.499324667175238,3.27033022149643e-07,0.49931697349582,1.89193232380702e-06,0.00135614036359626
33,0.499999420724468,1.90296983994277e-09,0.499992828864998,2.84896263041716e-07,7.46361130131224e-06
34,0.499931220077759,8.25518699686784e-11,0.499931092068169,1.24703970145649e-08,0.000137675301123371
35,0.49994861096298,2.50105608983287e-08,0.499895516307911,4.37800922306961e-06,0.000151469709325413
36,0.499891499656155,2.82765477629746e-07,0.499863963076613,1.70805540047837e-06,0.000242546446354389
37,0.499948783598744,5.24241430351462e-08,0.500016773506737,1.403581697185e-05,2.03546534041731e-05
38,0.499999791078489,1.26240204271756e-11,0.49999959760219,7.58372050405569e-09,6.03722977411381e-07
39,0.500001281465153,1.59377904911508e-10,0.499997959871842,1.14380513677793e-07,6.44123113682967e-07
40,0.499807387614049,4.28993257832484e-08,0.499797466099135,4.98981626892444e-07,0.000394604405863975
41,0.500085416509583,4.59246870710094e-09,0.499903603468969,1.94002423069366e-07,1.07814265554454e-05
42,0.497453799665911,1.63877609459839e-08,0.496535882825424,1.92524022105132e-05,0.00599104871869354
43,0.500005330725491,1.36760115994944e-08,0.499989275594588,1.88930586653996e-06,3.49069804275105e-06
44,0.500529788597856,1.92134000851207e-07,0.499238395874422,3.79929219477906e-05,0.000193630471773339
45,0.499662096362683,2.72248204684773e-07,0.499632618930987,3.20869499506782e-06,0.000701803763130694
46,0.499742696317732,9.20826450984445e-08,0.499718984915863,6.61759008688558e-07,0.000537564924751737
47,0.499545193493435,8.21281616961054e-08,0.499537628781349,2.41926502172447e-06,0.000914676332032667
48,0.500002238680742,7.94164233291173e-10,0.499995946528495,9.52873778100322e-08,1.71870922090807e-06
49,0.499989727945042,4.86159551625983e-09,0.499985022136124,4.63499671144281e-07,2.47815575672188e-05
50,0.500333119889718,7.93670305203147e-08,0.499323460483116,8.79384613587011e-07,0.000342460875521705
51,0.500177507650919,1.55282573292576e-07,0.499451372147706,4.03431583026053e-06,0.00036693060297144
52,0.4999881432171,7.17423734677937e-08,0.499957983121993,2.90324614816637e-06,5.08986723852386e-05
53,0.499941718170975,4.23792254347488e-10,0.499941395588394,4.92382030908289e-08,0.00011683657863548
54,0.499960612061665,1.61654778932459e-09,0.499945487917394,4.20291262848507e-07,9.3478113129831e-05
55,0.497589759924311,2.27205087015115e-09,0.49746820749472,6.55790634408843e-07,0.00494137451828367
56,0.499997203743623,9.18527307767917e-11,0.499995404104857,1.0662357193634e-07,7.28543609469997e-06
57,0.500436115166839,1.3741810955114e-09,0.499441689791379,6.51340251374648e-06,0.000115680265086829
58,0.500963430206425,7.81606375322343e-08,0.497929049038417,2.81337940672682e-05,0.001079308800453
59,0.499074534802177,9.95256875829437e-06,0.496324783691332,0.000164630499077577,0.00442609843865511
60,0.499997698460159,3.19518575245193e-09,0.499994734603495,2.67583494039251e-07,7.29615766581126e-06
61,0.499996838934151,1.30121429649106e-10,0.499994436705258,1.33977862910292e-08,8.71083268349969e-06
62,0.500005550158952,1.87974697545717e-08,0.499989532109997,1.71282724037322e-06,3.18610634119311e-06
63,0.499662260577397,7.36104358516642e-07,0.499624760967866,6.47670722653526e-06,0.000705765643152064
64,0.499657484189402,9.71931263991413e-08,0.499000055669777,1.76728825697044e-05,0.00132469006512389
65,0.502207070030769,7.96115281519944e-06,0.497067565185406,8.31272591489797e-05,0.000634276371860949
66,0.500000011465916,4.04464846294348e-11,0.499998989037634,1.15724367578669e-08,9.8788356753913e-07
67,0.499999383189427,4.17089821170405e-11,0.499998102473631,1.56917217427291e-08,2.49860351165608e-06
68,0.501113558855189,2.71323807773199e-06,0.498570855322517,3.43312287068485e-06,0.000309439461345698
69,0.499990624032297,1.18232530511977e-09,0.499987281466442,3.46168903531874e-08,2.20587020454412e-05
70,0.500839507254666,2.15042291266594e-06,0.498786588621104,0.000134155868934124,0.000237597832383808
71,0.690315639208453,1.05123214038923e-06,0.30559108590997,0.00150615516464103,0.0025860684847957
72,0.499874300394282,3.72931742861454e-10,0.499874096809186,1.46552021324105e-08,0.000251587768397697
73,0.503821732885446,1.0037508943067e-06,0.49445619872647,0.000127471777190046,0.00159359286000053
74,0.50001371475635,7.39420799376816e-08,0.499976867633369,1.27772018884938e-06,8.06594801195942e-06
75,0.499971704601563,6.3813324652613e-10,0.499904650279554,1.13551146687301e-06,0.000122508969283651
76,0.499943303029461,6.80198142876392e-08,0.499859306121541,9.03958342631339e-06,0.00018828324575778
77,0.49999506968822,6.21065553053242e-09,0.49999396557571,7.15681057332962e-07,1.0242844357094e-05
78,0.499794985930947,3.2538121345786e-07,0.499776850730965,2.05945162582387e-05,0.000407243440615713
79,0.499997909720174,2.81402136404951e-09,0.499991592482133,3.25232692642435e-07,1.01697509784225e-05
80,0.499969759698361,5.75838381455871e-10,0.499968976902757,5.95186782866804e-08,6.12033043646911e-05
81,0.497867415568224,4.2050361195909e-10,0.497726186283196,1.14666712814446e-06,0.00440525106094869
82,0.499936501635277,7.08746501279826e-11,0.499828175491036,1.75472507062461e-07,0.000235147330305838
83,0.499925925978863,1.54416477193295e-09,0.49992373551839,4.65787783759298e-08,0.000150290379803521
84,0.500042778010894,1.13456741207345e-07,0.499274070168883,1.73414649432314e-05,0.000665696898538305
85,0.499999441965272,8.40680468526885e-12,0.499998778779122,8.63965273014082e-09,1.77060754641346e-06
86,0.500000413615624,9.68737477440185e-10,0.499980957847391,4.37505241674592e-07,1.81900630064385e-05
87,0.4998547280849,4.19456762603488e-09,0.499794046453433,1.29962223005991e-07,0.00035109130487705
88,0.499964132894678,4.33113395690426e-09,0.499959913379416,1.52514691767055e-07,7.57968800806833e-05
89,0.499998741674266,7.85192125061294e-09,0.499877492205735,1.86343347785192e-06,0.000121894834599722
90,0.500003425160771,4.95255674150082e-09,0.499991975608485,3.73250581835299e-07,4.22102760605479e-06
91,0.499704828656484,1.45997991246381e-06,0.497637325136367,0.00015028650071782,0.00250609972651834
92,0.50041954209909,5.65054240594493e-07,0.499348995880964,7.25468167968812e-05,0.000158350148909189
93,0.499946584004497,1.71255823037796e-09,0.499945950027931,1.74077150076095e-07,0.000107290177863837
94,0.499972842481037,2.61109800642284e-09,0.499970268804074,1.43394032904284e-07,5.67427097587477e-05
95,0.499955192952035,5.64404695592065e-07,0.49989241390432,1.76426036880879e-05,0.000134186135261199
96,0.499993788247784,1.5561299488103e-10,0.49999249495836,8.13353481728355e-09,1.3708504707542e-05
97,0.499999144524194,1.8665950101883e-10,0.499997676357792,8.2900299749578e-08,3.09603105425109e-06
98,0.499971749274935,1.94564901856512e-10,0.49992890648676,2.07214733569299e-07,9.91368290055846e-05
99,0.499992135870315,7.07434749554393e-10,0.499981913270363,2.9142177318777e-07,2.56587301142124e-05
100,0.499999290018402,1.21712604580316e-10,0.499998201456904,4.23616696357688e-08,2.46604131112495e-06
101,0.499928351851728,2.04388767798465e-09,0.499927731814339,1.07266751371627e-07,0.000143807023294615
102,0.499994323061122,2.46752276273945e-11,0.499993834258116,1.22662160890897e-08,1.18303898708171e-05
103,0.500056343422466,1.42000486633557e-07,0.499937677245083,3.50091148650461e-06,2.33642047814315e-06
104,0.500004836940275,2.25088464242418e-09,0.499993836779614,3.92261822888221e-07,9.31767403411506e-07
105,0.499033142933309,4.3004261652077e-07,0.499013691135182,3.27634633486695e-06,0.00194945954255796
106,0.49980240994382,2.84031695796277e-08,0.499795404715307,2.26581978553418e-07,0.000401930355725162
107,0.499999513111858,1.26695879042513e-10,0.499997651607891,3.81456728885186e-08,2.79700788198532e-06
108,0.500021858159648,3.78598719872074e-10,0.499974707857226,4.88211353037232e-07,2.94539317378743e-06
109,0.499986125675006,1.12614394740453e-10,0.49998575290152,2.3944875713967e-08,2.80973659838446e-05
110,0.499999198965839,8.35381614316914e-09,0.499993113009401,2.50527294933684e-06,5.17439799481246e-06
111,0.499999921724542,5.45915473690113e-11,0.499998913131119,3.87961315421226e-08,1.1262936154736e-06
112,0.499967571716167,5.50216335901686e-09,0.499962205978284,1.70330346924055e-07,7.00464730384234e-05
113,0.512108882048352,1.92940671801604e-07,0.486940997774909,0.000420409530633857,0.000529517705432775
114,0.500000823454335,1.28447187586484e-09,0.499996178603028,3.64296465475032e-07,2.63236169930763e-06
115,0.501470202663817,4.59388941180809e-06,0.497949802977288,8.91991319538646e-05,0.000486201337529469
116,0.500008738171326,9.20977328535877e-08,0.49996754440638,7.75424924468819e-07,2.28498996371119e-05
117,0.49985982654404,3.02863995553301e-10,0.499858620463458,5.62845853037047e-08,0.000281496405052044
118,0.500326170139183,6.9902619582742e-08,0.499558573409781,5.04167572792635e-06,0.000110144872688396
119,0.500218176507414,1.177806301497e-06,0.499769668526851,1.11105927166872e-06,9.86610016162444e-06
120,0.499589107322571,2.19996517519523e-09,0.499586703302824,9.43020539271913e-08,0.000824092872585948
121,0.499917471518165,1.26663211650127e-08,0.499915996057062,7.42119641697488e-07,0.000165777638809403
122,0.499771454517973,4.1293695440139e-09,0.499770795348191,1.25246328858767e-07,0.000457620758137479
123,0.499951153842846,1.60069889288581e-10,0.499950954248742,2.38059340969982e-08,9.78679424080426e-05
124,0.499999600062919,1.42590692126653e-09,0.499547237261058,1.54489647608896e-06,0.000451616353640253
125,0.498652973472488,1.0988237606739e-08,0.498443860008408,6.12940986739967e-07,0.00290254258987918
126,0.499855478812151,1.4610217257074e-09,0.499854610096164,4.17312513379254e-08,0.00028986789941246
127,0.499860803432935,4.15162400643796e-07,0.49980138107028,3.24653996105876e-05,0.000304934934774187
128,0.498250802280115,1.74482739069914e-06,0.498195700099694,5.40932027253083e-06,0.00354634347252726
129,0.499988775942369,4.8948281385647e-11,0.499988635725289,1.04518002078513e-08,2.25778315928067e-05
130,0.499998534374444,6.01714998939794e-12,0.499998454500975,4.02055315283561e-09,3.00709801086945e-06
131,0.499962996980445,1.42168282560217e-09,0.499960042638018,3.81866866444361e-08,7.69207731680076e-05
132,0.499988182387166,2.83530664485347e-11,0.499988065368513,9.88891377930811e-09,2.37423270533595e-05
133,0.499876897370718,4.32953649235672e-09,0.499875991918105,2.55485733414805e-07,0.000246850895906978
134,0.499974465440283,4.60716237524844e-07,0.499890935111356,3.7965652649057e-06,0.000130342166858751
135,0.500002683592509,1.70013785489643e-09,0.499992684910093,7.45316074838286e-07,3.88448118502588e-06
136,0.500000244073821,5.36501783704626e-11,0.499998825033098,1.02438132430266e-08,9.20595618042379e-07
137,0.499848632575658,3.05322894434094e-08,0.499842015296128,1.26519408961935e-06,0.000308056401835641
138,0.500283161068748,4.52597919437745e-09,0.499431907082751,3.1294387602136e-06,0.00028179788376082
139,0.499965696784303,1.99593749968078e-08,0.499940130711465,1.01456279567907e-06,9.31379820612893e-05
140,0.00442570363972076,0.0036108149212686,0.98268856293351,0.00922562316611195,4.92953393881874e-05
141,0.499999230869439,4.55660066368383e-11,0.499997692292065,6.27889887633515e-08,3.01400394113468e-06
142,0.499807823831402,5.28519093467601e-09,0.499786299858234,9.57070597787921e-07,0.0004049139545748
143,0.499984089034405,7.79751070116074e-09,0.499974130942459,7.56065566946846e-07,4.10161600583567e-05
144,0.499988777754877,2.41186332193004e-09,0.499981708370624,2.72401601280478e-07,2.92390610338791e-05
145,0.499713437134209,4.91666470143078e-07,0.499683388054464,3.23070040339953e-06,0.000599452444453704
146,0.499999962779481,1.5901984300175e-09,0.499994035435083,4.85874171666737e-07,5.51432106613289e-06
147,0.499956153893998,3.69978999230908e-07,0.499896114725528,2.60675468522008e-05,0.00012129385462209
148,0.500000005331503,1.34873111660387e-11,0.499999130778156,1.35956809653773e-08,8.50281172263889e-07
149,0.500657540873219,1.27907599374963e-06,0.498954453375168,0.000126669738565173,0.000260056937053403
150,0.498439695725049,3.65222165371563e-08,0.498401062476556,9.3331490134385e-07,0.00315827196127717
151,0.499839728219023,6.56724797681259e-09,0.499836366232744,1.09748156349274e-06,0.000322801499422207
152,0.500065845226116,2.10288092710674e-09,0.499918771348355,5.78374756813509e-07,1.480294789094e-05
153,0.499959051372721,2.89775046745866e-08,0.499944212156629,2.32455986813535e-07,9.64750371586087e-05
154,0.498410103673263,6.37421870463662e-07,0.497816419604413,2.01818872356771e-06,0.00377082111173022
155,0.499978290240756,1.60061990105591e-09,0.499974190422874,6.15572551398236e-08,4.74561784949388e-05
156,0.4998397975248,1.20610489035774e-08,0.499830363033025,6.21084415053142e-08,0.000329765272684765
157,0.50000144766754,3.67538879739252e-10,0.499997039993119,2.25002629062347e-07,1.28696917273256e-06
158,0.500069879133308,8.67491430437847e-09,0.499796697709366,9.27486829632876e-06,0.000124139614115748
159,0.499999266601877,7.52226852441336e-10,0.499996703624725,3.80479674608688e-07,3.64854149606878e-06
160,0.499954666367495,1.42920393013322e-07,0.499923441023331,1.32953392786351e-06,0.000120420154853195
161,0.500002179512849,1.2404117889107e-09,0.49999394407684,7.86476669023723e-08,3.79652223238828e-06
162,0.500006345057292,9.2718338498278e-09,0.499986915820997,4.21594668156112e-07,6.30825520905975e-06
163,0.50556551751151,9.17731906804054e-07,0.476910643382476,0.000338858840069183,0.0171840625340381
164,0.49997324563126,8.2881859066808e-11,0.499973091991411,1.9809552710376e-08,5.36424848949041e-05
165,0.500005116583446,7.57866893601616e-09,0.499988826275149,1.25445956672172e-06,4.7951031693888e-06
166,0.499946584004497,1.71255823037796e-09,0.499945950027931,1.74077150076095e-07,0.000107290177863837
167,0.499980783404615,3.04625269653654e-09,0.499973746153858,1.27408825951503e-07,4.53399864477621e-05
168,0.499981020206134,1.31234563147056e-07,0.499952323647011,1.1673159168028e-06,6.53575963744093e-05
169,0.499826792457015,1.4425789822427e-09,0.499822237779084,1.45182798721415e-08,0.000350953803041531
170,0.499960323675217,3.36252574157877e-09,0.499959339428283,1.14065169746533e-07,8.0219468804777e-05
171,0.499933631365489,2.72774102236469e-06,0.498008806387813,0.000135660727142583,0.00191917377853305
172,0.500000196097866,3.31190475278627e-10,0.4999970343802,4.46192569596621e-08,2.7245714862917e-06
173,0.499999983069329,1.64548722758612e-11,0.499999468238219,1.18876370306406e-08,5.36788360762916e-07
174,0.499940545042112,4.63573146815127e-08,0.49992731266627,1.55638468612021e-06,0.000130539549617241
175,0.49978123337305,7.33874217908347e-09,0.499777376471655,5.07961645868778e-08,0.00044133202038865
176,0.499892031751258,6.53682808434003e-09,0.499862809959133,8.14732861324791e-07,0.000244337019919374
177,0.498990631149997,8.40594854126438e-08,0.498975724140793,1.33114530899212e-07,0.00203342753519435
178,0.49996478275157,1.75760816725577e-11,0.4999643268805,2.14461604022011e-08,7.0868904193919e-05
179,0.49997256849137,1.22061084347009e-10,0.499971974870183,3.29281652336834e-08,5.54235882202938e-05
180,0.500079794053236,8.39637904602683e-09,0.499831465361521,2.79429911160119e-07,8.84527589526775e-05
181,0.499998449756963,5.9433506579123e-10,0.499908655478082,7.7280135172933e-07,9.21213692687311e-05
182,0.499995821426929,5.14024156051799e-11,0.499992355945906,5.12153127669339e-08,1.17713604495079e-05
183,0.49977873888583,2.3594178910067e-07,0.499755093370814,1.74464436274253e-06,0.000464187157203836
184,0.500090886912166,5.82861767729196e-09,0.499884071567648,6.57728610958301e-07,2.43779629572829e-05
185,0.499999956903714,1.21560894068913e-11,0.499999422356667,1.66766631527543e-08,6.04050799993613e-07
186,0.49971661658494,3.27122677569101e-07,0.499686740372755,4.48551580872237e-06,0.00059183040381868
187,0.499940980231902,1.24299019558762e-10,0.499914378792296,2.8757606992116e-07,0.000144353275432991
188,0.499952027838565,1.94222653203463e-07,0.499922604581204,1.25823513738454e-06,0.000123915122440556
189,0.500013102917793,1.15253317246245e-08,0.499983799637488,3.38225004668711e-07,2.74769438178495e-06
190,0.499919512617415,3.66176166811571e-10,0.49991919385093,1.15670540374512e-08,0.000161281598423878
191,0.499985228344624,2.44013692148684e-11,0.499984835364415,9.20370844580729e-09,2.99270628508133e-05
192,0.499851442821031,3.07172368658025e-08,0.499845863404164,6.39207417891816e-07,0.000302023850150838
193,0.499989725157153,1.08641307082373e-07,0.499602270144124,8.83778605883764e-07,0.000407012278810297
194,0.499969223741538,8.31025328134652e-09,0.499961624396174,3.75101144742274e-07,6.87684508902137e-05
195,0.499999696574081,7.15542519647701e-11,0.499999304749684,2.90007296383967e-08,9.69603951762346e-07
196,0.500008116038921,6.411331999759e-09,0.49998781152165,6.10212285256697e-07,3.4558158118423e-06
197,0.499992306899492,2.25010846536356e-10,0.499990233961246,2.47816082536813e-08,1.74341326431212e-05
198,0.499959771382783,1.07179006864559e-09,0.499957642769949,4.31392448303432e-08,8.25416362329545e-05
199,0.499871706887286,8.57789528375065e-08,0.49985373976953,2.00899638936005e-06,0.000272458567841326
200,0.500007874647369,3.07740217142104e-08,0.499984625462809,1.07964292784234e-06,6.38947287182374e-06
201,0.500099644166716,2.06069312877074e-11,0.4997481782451,6.02319602045705e-07,0.000151575247975287
202,0.499995729203843,9.17927628657522e-10,0.499990930613643,5.34358517875096e-07,1.28049060684821e-05
203,0.500000501742943,3.41192253123374e-10,0.499997383641155,7.79435617942441e-09,2.1064803531017e-06
204,0.500000865916054,6.12573463962007e-11,0.499998133171756,1.82831407472447e-08,9.8256779169327e-07
205,0.500014651958937,9.30231320437728e-11,0.499979195413498,2.55751567473556e-08,6.12695938504504e-06
206,0.501642642286509,2.6258310053906e-08,0.497788050788239,8.39753714640407e-05,0.000485305295477992
207,0.500001905939618,1.06945643692601e-10,0.499997760214229,3.52269521304637e-08,2.98512255239445e-07
208,0.499998485402862,1.17830637887666e-10,0.499971913335868,5.26730081015491e-08,2.95484704320655e-05
209,0.499980017918488,1.01898203458445e-07,0.49994978929269,1.22922187943738e-06,6.8861668739868e-05
210,0.499851838592982,2.35378643444668e-09,0.49984761648052,3.59539209727255e-08,0.000300506618790176
211,0.501550855971721,3.39525819945633e-06,0.497959309849111,0.00010722901265115,0.000379209908317928
212,0.499971649501518,3.35408340975141e-08,0.49994774565827,1.39806588325125e-06,7.91732334950628e-05
213,0.499999233486453,1.02982024910477e-10,0.499998252472276,3.06327225409181e-08,2.48330556679743e-06
214,0.499999635679102,1.59435601295575e-10,0.499997934744186,3.67907475036239e-08,2.39262652963554e-06
215,0.499437955432228,3.83559583724646e-08,0.499133056817345,1.2571562484147e-05,0.00141637783198463
216,0.499998442044011,1.22602116197827e-11,0.499998069363006,1.22191349419806e-08,3.47636158774618e-06
217,0.49999233997721,3.56161848056323e-08,0.499965153728427,1.82357987729033e-06,4.06470983005447e-05
218,0.499982964330457,1.77069046030734e-08,0.499972783257616,1.00292614145852e-06,4.32317788805771e-05
219,0.500000539305868,6.15778449708723e-09,0.499991341499798,2.72970259871325e-07,7.8400662889144e-06
220,0.5000033570991,2.31189984145182e-09,0.499993022425862,5.00052045188472e-07,3.11811109257503e-06
221,0.50125506536258,6.50190074044533e-07,0.498655258254285,2.07574786891424e-05,6.82687143711271e-05
222,0.499586155598639,7.77832333426454e-07,0.499336771971953,3.51938951090768e-05,0.00104110070196625
223,0.499994519003856,1.66948659442275e-07,0.499838317568415,1.46089720180714e-05,0.000152387507052243
224,0.500329516239302,1.0528317959182e-09,0.49954444908224,5.84096892190398e-06,0.000120192656705067
225,0.500080430706887,5.44910143613871e-10,0.499916650898956,8.44912264086008e-09,2.90940012480635e-06
226,0.499841910055014,2.51824556705884e-08,0.499828380365056,2.62904531721767e-07,0.000329421492942018
227,0.498916814797006,1.66191709692829e-09,0.498908614654633,3.25472399651497e-07,0.00217424341404434
228,0.500233115650869,5.61527388507065e-11,0.499435830183673,6.03300789606298e-07,0.000330450808515233
229,0.500003796041083,4.7785598534736e-08,0.499975157089195,1.05610589880881e-06,1.99429782241986e-05
230,0.50163172056655,1.92876871363198e-06,0.498202796927419,8.99008357713758e-05,7.36529015452164e-05
231,0.499993792044156,1.9157022760332e-11,0.499993677918932,9.17391679831539e-09,1.25208438382728e-05
232,0.499998613783356,7.10143989406467e-11,0.499998305756784,1.3839354994695e-08,3.06654948995508e-06
233,0.500009615332685,8.77754833989604e-11,0.499956358383898,3.81630888016737e-07,3.36445647534862e-05
234,0.499579772148562,8.6946243480365e-09,0.499508287558897,4.52675049028557e-07,0.000911478922867163
235,0.499993449387534,1.56238708200628e-10,0.499991477167003,3.2029624631501e-08,1.50412595997605e-05
236,0.499976363143059,7.96283469876486e-09,0.499974805183699,7.09686409907305e-07,4.81140239973818e-05
237,0.49998807818251,2.53020212870803e-08,0.499977942761415,1.08265547018766e-06,3.28710985836904e-05
238,0.49873661052249,1.1839970631045e-07,0.498686219109184,2.22127016971514e-06,0.00257483069844951
239,0.499886164007645,6.26851698204683e-10,0.499885059379701,2.18468362707813e-08,0.000228754138965806
240,0.499975096395109,1.70715244105118e-08,0.499959733395402,5.2878777923542e-07,6.46243501859386e-05
241,0.499999621509777,1.16147266648293e-11,0.499999472748301,5.976962397542e-09,8.99753344686744e-07
242,0.499960970203916,3.05537374421587e-08,0.499944468883338,1.685630683476e-06,9.28447283257838e-05
243,0.499999088897533,9.4169105228922e-12,0.499998940451214,1.60740719263884e-08,1.95456776458123e-06
244,0.499997308349763,6.75140823372573e-11,0.499996539604293,7.36386929677282e-08,6.07833973742231e-06
245,0.500000295789324,1.69355319230922e-09,0.499993656236174,1.10911684392508e-07,5.93536926414368e-06
246,0.499738205267635,3.8446901508145e-09,0.499735183659757,1.24847772346909e-07,0.000526482380145382
247,0.500001006040457,2.91418441712143e-10,0.499997411410698,1.69040920227419e-07,1.41321650612345e-06
248,0.499033142933309,4.3004261652077e-07,0.499013691135182,3.27634633486695e-06,0.00194945954255796
249,0.499931305788156,6.08754565864189e-09,0.499927759097093,3.01946796315716e-07,0.000140627080408936
250,0.499349830005871,6.86607793220669e-09,0.499348928029718,2.11437190086523e-07,0.00130102366114314
251,0.496263562412822,4.66481341017109e-07,0.495617419708925,1.90851826073411e-05,0.00809946621430377
252,0.500000125144734,1.86746795553691e-11,0.499999357013057,1.9366429288923e-08,4.98457104558818e-07
253,0.499559205573085,3.16451884812353e-10,0.499529502980221,1.36087064717023e-07,0.000911155043177675
254,0.500000088686052,7.15954002868902e-11,0.499998337655133,5.69867284540227e-08,1.51660049085077e-06
255,0.499994151210237,2.91688516189604e-09,0.499864274228142,2.48243012510637e-06,0.000139089214610045
256,0.500008661041548,8.72809032228342e-09,0.49998867264495,6.95592456858872e-07,1.96199295474529e-06
257,0.50000450976977,6.62215485529214e-09,0.499990381013434,1.56376141232058e-06,3.5388332283927e-06
258,0.501153549544047,1.40994842385121e-08,0.498461238463198,8.76187762310279e-05,0.000297579117039966
259,0.499987507998713,5.57050231284439e-08,0.499955751410808,3.05721502873767e-06,5.36276704271255e-05
260,0.499996240490448,6.02458537304082e-11,0.499995936036931,1.81850833438965e-08,7.80522729216341e-06
261,0.499996690756129,1.08937557078669e-08,0.499994919314515,6.84065338436596e-07,7.69497026215068e-06
262,0.50000073618352,4.71291876481117e-10,0.499997171185398,9.6387354154796e-08,1.99577243614223e-06
263,0.499983329814965,1.8591756024838e-09,0.499979346782007,2.95883433747912e-08,3.72919555086593e-05
264,0.499481698225551,9.51777417832723e-07,0.499408053698922,2.78416851312473e-06,0.00110651212959618
265,0.500004256839205,6.3420425985875e-09,0.499991961786299,1.21791880065757e-06,2.55711365302804e-06
266,0.499882014698817,4.78802431744837e-07,0.499855927301441,1.86301417136149e-05,0.000242949055596292
267,0.50015393724717,9.85565615382015e-09,0.499823511660365,4.98761058979942e-07,2.20424757498623e-05
268,0.499216569529921,5.32264473407883e-08,0.499034059570165,4.94137749233401e-06,0.00174437629597423
269,0.501052319783275,1.232622155097e-05,0.488353924401992,0.00023441086032132,0.0103470187328603
270,0.49961362091517,8.72652849201771e-09,0.499605180233182,1.20315021865e-07,0.000781069810097453
271,0.500031697718449,3.22051084058383e-10,0.499956702691123,9.6689259576746e-08,1.15025791167496e-05
272,0.499918652365419,1.43384292280436e-07,0.499900260296829,9.76516657319272e-06,0.000171178786887238
273,0.500077348346443,1.28284997315343e-09,0.499919633131342,4.17173275055723e-07,2.60006608954127e-06
274,0.500002614208603,1.99921991640634e-10,0.499995537614562,9.8673288220596e-08,1.74930362505974e-06
275,0.499325095708593,5.27610315250207e-08,0.499313680201752,4.05928289739449e-06,0.00135711204572636
276,0.49918763117441,2.36881819807213e-05,0.494677497843799,0.000127683240152486,0.00598349955965764
277,0.500037537955781,1.64484672998793e-11,0.499940942081338,1.29097265525223e-07,2.13908491666142e-05
278,0.498642560858351,1.09872181155032e-07,0.498630198477571,9.45628229109302e-07,0.00272618516366702
279,0.500006542664845,9.35187651973595e-09,0.499982850939586,1.11650715915189e-06,9.48053653339155e-06
280,0.499804713656038,5.90221108721749e-07,0.499195371958058,1.79259330639052e-05,0.000981398231731052
281,0.499780474432924,1.62711654227921e-08,0.499776909640807,3.34230802683544e-07,0.00044226542430142
282,0.50000837286064,1.42923025331202e-09,0.499989119393755,8.39111453169428e-07,1.6672049217736e-06
283,0.500241722150465,4.53480251696151e-08,0.499707626403395,2.95685219817957e-06,4.76492459167751e-05
284,0.49998840577908,8.90662227620188e-09,0.499976505864636,4.0035224560786e-07,3.46790974164669e-05
285,0.499997946654335,5.50092721094462e-08,0.499973291033566,2.84603933577257e-06,2.58612634909144e-05
286,0.499849909427301,3.28622639505049e-08,0.499832768021875,2.93113675166004e-07,0.000316996574885251
287,0.499313120132675,1.26015124382785e-06,0.497937332540524,6.52272213067912e-05,0.0026830599542502
288,0.500031339598225,2.79069235711893e-09,0.499858064752576,1.68661723527911e-06,0.000108906241271426
289,0.499905497120453,5.70688412769766e-09,0.499902172949762,9.10151769501772e-08,0.000192233207723175
290,0.499966652700802,7.10121954034132e-09,0.499962507656948,2.960768582629e-07,7.05364641723368e-05
291,0.499990553687318,1.72381902385312e-10,0.499988582761504,2.40045250198714e-08,2.08393742711629e-05
292,0.500000085514037,4.99751129808466e-11,0.499998594378701,1.53591875197893e-08,1.30469809915901e-06
293,0.499984951989499,1.21301986467263e-09,0.499984209699627,3.29371890451755e-07,3.05077259629409e-05
294,0.49727975284465,5.46321620858187e-08,0.497177814619581,1.67934082788967e-06,0.00554069856277941
295,0.499958304943795,1.1848226699496e-10,0.499957245992735,2.675267395778e-08,8.44221923144092e-05
296,0.499561170961572,5.47793304297835e-08,0.499316776158507,1.09787264105618e-06,0.00112090022794972
297,0.499920103976338,9.61680491232599e-09,0.499914236919334,8.99788667493103e-08,0.000165559508656229
298,0.499105079035211,4.02385614257023e-07,0.498309761623252,3.76079664659728e-06,0.00258099615927596
299,0.500003178274459,1.51810582906687e-09,0.499994010552799,9.75443482272866e-08,2.7121102879998e-06
300,0.499552589375112,5.03464681318942e-07,0.499519196206352,3.00269293050323e-06,0.0009247082609233
301,0.499850397694339,5.7479706755313e-10,0.499849156697905,1.12743437574323e-08,0.000300433758615348
302,0.499959153280532,1.08712131771091e-09,0.499958678058565,8.9107827681619e-08,8.20784659540232e-05
303,0.499985003900561,6.37937245721623e-10,0.499982072557935,4.91075081006975e-08,3.28737960589536e-05
304,0.500002758083591,7.66054091445552e-09,0.499991541429473,2.68805548462336e-07,5.42402084632681e-06
305,0.500010017525799,1.70849885719307e-08,0.499767012504359,7.29082278962842e-07,0.00022222380257373
306,0.500005830423683,8.28365472644015e-10,0.499991387991946,5.6153738819463e-09,2.77514063092124e-06
307,0.499610781336889,2.13102128247277e-09,0.499608300377534,3.77279928555775e-08,0.000780878426562544
308,0.499752572699735,1.91869239260021e-08,0.499746260956224,3.0606898368649e-07,0.000500841088133498
309,0.500110279848751,4.03070063653202e-11,0.499826693289692,2.37893514848682e-07,6.27889277353079e-05
310,0.499696059602437,5.8965141914765e-09,0.498895934053062,1.36032823904655e-05,0.00139439716559638
311,0.499344754548272,1.76899490865411e-07,0.499333521087378,3.03766668374564e-06,0.00131850979817606
312,0.499983065298625,4.0793041938884e-10,0.499982658671218,8.8168645718419e-08,3.41874535808218e-05
313,0.499306309231167,3.29246366602701e-08,0.499128984160754,1.0353010148929e-06,0.0015636383824272
314,0.499941264001437,5.34640081359799e-09,0.49993807712709,2.82594348120543e-07,0.000120370930723733
315,0.500237157027071,1.48262126010861e-09,0.499671482554845,1.21656933528674e-06,9.01423661281238e-05
316,0.49999127338382,1.24643407302395e-10,0.499990550429258,2.75820681065625e-08,1.81484802106823e-05
317,0.499999227092334,3.80104392069713e-11,0.499997394320991,2.6684785485221e-08,3.3518638788907e-06
318,0.499995591967177,6.10369153434895e-11,0.499994196901705,4.81983205948056e-08,1.01628717603518e-05
319,0.499990667645172,5.98803371855567e-11,0.499965548015614,2.46664142617735e-07,4.35376151912329e-05
320,0.500000279030554,4.05533524085289e-11,0.499998778594231,1.08056469215651e-08,9.31529014643102e-07
321,0.499798100628493,5.3331689615652e-09,0.499793956670737,1.5637568007365e-07,0.000407780991921399
322,0.499958431409918,5.24252211281262e-10,0.499677499629204,7.48144384995e-07,0.000363320292240725
323,0.500233925723898,1.05517610678265e-08,0.499061561303775,6.58955787485854e-06,0.000697912862690686
324,0.499835948725693,5.1204057799647e-09,0.499834154609058,2.79861109056843e-07,0.000329611683734541
325,0.499999611096734,3.16901038350878e-10,0.499996301152487,6.67855098570286e-08,4.02064836846118e-06
326,0.499998094922085,1.67888331082842e-10,0.499995979939889,3.49258530754189e-08,5.89004428435981e-06
327,0.500001869021773,1.36404508008254e-08,0.499995384368112,9.57698912305573e-07,1.77527075218341e-06
328,0.499938314861857,3.08250900651305e-09,0.499934753479768,1.24836245367894e-07,0.00012680373962107
329,0.499991817258843,1.89013507942918e-09,0.499986734862861,3.06116469827881e-08,2.14153765146898e-05
330,0.50094073229189,4.01537630426384e-07,0.498998105402222,1.06370276576136e-05,5.0123740600296e-05
331,0.50001470228002,7.90397905615619e-08,0.499971985847182,1.91912245248686e-07,1.30409207622161e-05
332,0.501963663926011,2.20150946597875e-06,0.497878878143403,9.02756375981078e-05,6.49807835215383e-05
333,0.499993864302804,3.39725819045168e-11,0.499993728055791,9.67944730679624e-09,1.23979279860075e-05
334,0.500145003545572,5.01711386551395e-08,0.498993142711292,9.88590922147259e-05,0.000762944479782637
335,0.500089926491453,6.69054370355774e-08,0.49959194578437,1.32450308683294e-06,0.000316736315653008
336,0.499996253558807,2.19253474834738e-10,0.499995873112246,4.73188905313971e-08,7.82579080246222e-06
337,0.496229867705193,2.2144780747466e-07,0.495693445584257,2.13132268063861e-05,0.00805515203593647
338,0.500039006280623,1.62751487052588e-07,0.499951624852931,4.25579872415451e-06,4.95031623482381e-06
339,0.500048754673289,6.83817563701102e-10,0.499943949077523,7.05022471856164e-08,7.22506312305487e-06
340,0.499772184061651,5.62368919621423e-09,0.499769139837403,4.55608668011936e-08,0.000458624916389924
341,0.499999577877908,5.91584245416443e-12,0.49999902851395,9.21381382394509e-09,1.38438841256943e-06
342,0.499999701862483,5.89435386452259e-10,0.499994727544957,8.06593571316723e-08,5.48934376678521e-06
343,0.497809644358456,3.5198643611726e-07,0.497299791677856,1.07456896691952e-05,0.00487946628758311
344,0.499961979912452,3.28729833930826e-10,0.499960250833398,5.68933326266042e-08,7.77120320874728e-05
345,0.499623220538677,9.99754517437827e-09,0.499619540079375,2.0154290131708e-07,0.00075702784150178
346,0.499985698388134,6.9758522903184e-09,0.499973995387503,1.19201691168324e-07,4.01800468200716e-05
347,0.500001920798813,1.53089054057224e-09,0.499993920179672,4.02168436988697e-07,3.75532218730216e-06
348,0.499930057584701,3.41704203205489e-09,0.49990204486534,6.03334728693923e-07,0.000167290798188181
349,0.500016272372696,4.06601194516997e-09,0.499982527819108,5.82472534263518e-08,1.13749493136042e-06
350,0.499963075401225,4.06703889907151e-06,0.499752945870289,9.97407342870647e-06,0.000269937616158445
351,0.499988030492302,3.14229187366025e-09,0.499979310083456,4.57901569582631e-08,3.26104917936604e-05
352,0.499883929693997,5.43820496910539e-09,0.499131955788494,3.44958930424126e-06,0.000980659489999562
353,0.499978559332046,1.41969329871122e-10,0.499977326349255,2.61867634494006e-08,4.40879899660141e-05
354,0.00228446353083849,0.00394962123291822,0.980832949839496,0.0086904792051494,0.00424248619159769
355,0.500007874647369,3.07740217142104e-08,0.499984625462809,1.07964292784234e-06,6.38947287182374e-06
356,0.495635047693751,4.60223931796486e-06,0.495155258436605,7.26910013973866e-05,0.00913240062892813
357,0.499811738339517,4.74031184618406e-07,0.499751206500181,1.45664190167827e-06,0.000435124487216221
358,0.499953433487225,2.73723921760061e-07,0.499903576320937,1.43064793399471e-06,0.000141285819982876
359,0.499900351156446,1.36095252496882e-08,0.499866357417101,2.28536751871496e-06,0.000230992449409391
360,0.500004297594651,2.75514231881703e-09,0.499992830785994,1.37083668869396e-07,2.73178054305981e-06
361,0.499862259265582,8.49253599676072e-09,0.499861005218059,3.28499982911025e-07,0.00027639852384036
362,0.500094292818183,3.27796545519638e-09,0.499900539828599,4.75304366215527e-07,4.6887708854728e-06
363,0.499948877417453,2.0682429382667e-08,0.499936592050632,7.92569550507057e-07,0.000113717279934827
364,0.49996955286566,1.12244738725202e-07,0.499958270294763,3.95580216789333e-06,6.81087926706627e-05
365,0.499840027311236,5.9745409317683e-09,0.499836352354854,3.0250004086792e-07,0.000323311859327749
366,0.504937478032195,1.08851125958846e-05,0.494756897823294,3.26953826520049e-05,0.000262043649263519
367,0.500000026520485,2.68311274547479e-09,0.499988957167114,7.19323348651906e-08,1.09416969534568e-05
368,0.500033383686972,2.14181090679069e-10,0.499964051062485,1.55811891446178e-08,2.54945517304995e-06
369,0.491898726274173,2.80691269775383e-05,0.487966083447317,0.000138797606370716,0.0199683235451621
370,0.500002136334973,4.41125175459643e-10,0.49999649232823,1.08841824044547e-07,1.26205384768497e-06
371,0.50000738968975,8.09869595683209e-09,0.49999068964661,7.6783480680374e-07,1.14473013759854e-06
372,0.499962825983414,4.74800168519684e-10,0.499960299683375,3.71614228351035e-08,7.68366969880679e-05
373,0.499990968740645,1.3426665470793e-11,0.499990899769299,4.54809287102133e-09,1.81269285369134e-05
374,0.499739486387197,2.96713196170787e-08,0.49972895739784,5.38570724431536e-07,0.000530987972919083
375,0.500586896009689,6.09436196646045e-09,0.499297475069731,5.53567577434661e-06,0.000110087150442979
376,0.499988948524405,1.01103952128881e-10,0.499987877423768,3.49721197399831e-08,2.31389786036366e-05
377,0.500003641387479,1.42880819595696e-09,0.499995443635855,2.00788230720229e-07,7.12759627096778e-07
378,0.499994757727994,1.00970050794331e-10,0.499993800601079,1.48853172535319e-08,1.14266846402631e-05
379,0.500002789774585,3.58084577325711e-09,0.499993584881861,4.10235341879121e-07,3.21152736630838e-06
380,0.500126726237513,1.15709387456563e-07,0.499599667560661,5.48942396043964e-06,0.000268001068477986
381,0.49999883668234,2.63079466695285e-11,0.499998600109666,3.31328104023462e-08,2.53004887573192e-06
382,0.499537538641878,4.13736122583599e-09,0.499378828743642,2.38214308982332e-06,0.00108124633402975
383,0.499780698993991,1.63386394813294e-07,0.49899004492362,1.87155181345004e-05,0.00121037717786027
384,0.499185160553528,2.3112488309924e-08,0.499064299458825,1.17283273380614e-06,0.00174934404242507
385,0.500001630127898,8.36573230978758e-09,0.499984278541183,9.97779038265723e-07,1.30851861487562e-05
386,0.499914092444747,1.66858777310843e-07,0.499861123168171,5.44028284440968e-06,0.000219177245460841
387,0.499997968027493,3.77270359704792e-10,0.499931164242087,3.95576863431326e-07,7.04717762853296e-05
388,0.499997826895916,1.16138180732043e-09,0.499987840685566,3.91289369243998e-08,1.42921281987613e-05
389,0.499998447925358,2.89839595677034e-10,0.499995913729552,3.69138481643671e-08,5.60114140191265e-06
390,0.499974549066812,1.91802184945332e-10,0.499974316666795,2.33025036068682e-08,5.11107720870337e-05
391,0.500157753964455,6.23647074099473e-09,0.499831290596523,5.71647965897818e-08,1.0892037754814e-05
